%Table2

%   rho (n-n0)*1e4
T = [
    0.9989  2
    0.9997  4
    1.0004  5
    1.0011  7
    1.0018  9
    1.0025  11
    1.0032  12
    1.0039  14
    1.0046  16
    1.0053  18
    1.0060  19
    1.0068  21
    1.0075  23
    1.0082  25
    1.0089  26
    1.0096  28
    1.0103  30
    1.0110  32
    1.0117  33
    1.0125  35
    1.0132  37
    1.0139  39
    1.0146  40
    1.0153  42
    1.0160  44
    1.0168  46
    1.0175  47
    1.0182  49
    1.0189  51
    1.0196  53
    1.0203  54
    1.0211  56
    1.0218  58
    1.0225  60
    1.0232  61
    1.0239  63
    1.0246  65
    1.0254  67
    1.0261  68
    1.0268  70
    1.0275  72
    1.0282  74
    1.0290  75
    1.0297  77
    1.0304  79
    1.0311  81
    1.0318  82
    1.0326  84
    1.0333  86
    1.0340  88
    1.0355  91
    1.0369  95
    1.0384  98
    1.0398  102
    1.0413  105
    1.0427  109
    1.0442  112
    1.0456  116
    1.0471  119
    1.0486  123
    1.0500  126
    1.0515  130
    1.0530  133
    1.0544  137
    1.0559  140
    1.0574  144
    1.0588  147
    1.0603  151
    1.0618  154
    1.0633  158
    1.0647  161
    1.0662  165
    1.0677  168
    1.0692  172
    1.0707  175
    1.0744  184
    1.0781  193
    1.0819  202
    1.0857  211
    1.0894  220
    1.0932  228
    1.0970  237
    1.1008  246
    1.1047  255
    1.1085  264
    1.1162  282
    1.1240  300
    1.1319  318
    1.1398  336
    1.1478  354
    1.1558  372
    1.1640  391
    1.1721  409
    1.1804  428
    1.1887  446
    1.1972  465
    ]
    
T(:,2) = T(:,2)*1e-4+1.333;
% 
% rho = T(:,1);
% n = T(:,2);
% figure
% plot(rho,n)
% 
% 
% LL = (n.^2-1)./(n.^2+2)./rho
% figure
% plot(LL)
% 
% figure
% plot(rho,(n.^2-1)./(n.^2+2))